591.227079817 158.94940589 0
131.878557098 140.79875899 1
1096.25562194 76.5211925013 2
661.708875796 130.607606978 3
145.986497148 18.2020871723 4
1138.95691457 13.6243295827 5
579.099610124 155.988977293 6
35.6278897145 167.535405809 7
1123.73524593 5.18014790062 8
526.850429104 75.7269350403 9
60.367609116 187.783360479 10
1080.10078304 73.9959130927 11
520.939249416 89.8171506537 12
150.939834713 176.409071306 13
1080.21765497 90.5551017782 14
589.681212412 37.6296648275 15
72.1811867156 131.314010089 16
1122.11394561 179.89953594 17
664.588698966 72.9320772314 18
161.316487309 159.750372002 19
1039.99811062 69.1383419576 20
590.87849604 79.3096411194 21
64.2444666181 103.203615842 22
1101.70332585 109.800010065 23
590.94676058 75.7055687441 24
100.594023497 159.518042487 25
1040.93213784 48.7995230267 26
552.525096975 18.9135606697 27
24.9222245813 75.1299372216 28
1134.02633952 11.3033666969 29
